
159824
729109
1233607
1172392
813242
722603
1504853
1365804
648743
799274
1513105
667251
893460
1018963
408724
863041
755771
1493990
15957
527452
597513
948039
243681
949098
424445
512190
699628
824099
823018
1539876
1526121
466036
1207492
691447
754764
339567
860789
1385213
267857
625645
807143
1547991
1504895
336510
430302
702970
1545622
1219516
1537840
767252
374705
357303
1270442
422076
1412440
1346256
444102
1513830
128258
368772
1153033
784861
1308647
1526269
1526601
761558
968121
631466
1417318
681593
1522959
784088
1548979
824034
642185
367581
708872
866722
1378443
1089140
978464
479352
988947
725392
1529084
1540571
688279
1322412
922587
1415845
1506736
1537112
1538796
570717
779737
1437341
1098577
650657
864177
724684
1551949
573830
1387647
1436658
924112
1181612
221645
629830
1300964
892698
896222
862110
752678
867201
1043790
1247345
412781
1453190
678471
1551869
420938
847879
892959
1445346
1298566
595262
1551343
849432
214088
398022
552241
854812
203354
450327
811934
1440771
1452040
1369734
1539771
613536
1370508
360574
1235068
214712
340474
1439974
752776
735920
1375186
1362962
574509
696044
858721
440252
1052190
1385407
1066320
589831
789140
458333
1249620
1153042
825819
1387698
607538
1301305
1548437
767223
1323339
1548476
894276
252725
425443
1548568
1548657
718709
1366121
814974
1488884
805973
232132
683859
799811
1288219
770719
1547705
734930
1505014
1084046
1407249
747619
1530959
982710
667309
922531
933956
1500774
1032457
985903
426198
343071
257031
779835
1526594
1334147
1512508
1446009
1066890
951815
589455
512843
1187332
1539448
1400745
1461405
716522
949640
552225
968858
817830
526757
297986
775963
387728
1203245
1526563
881447
1464314
656489
486409
1520209
291229
974022
860961
854716
573005
1452625
695544
1315531
1541568
1444103
1081924
1551848
1000282
1003830
882594
1277395
1522960
1546503
863674
138766
673144
555340
1088417
1512777
653907
1414964
801870
708999
770061
1411139
560024
1503109
1420669
629585
588224
1230692
1000270
499355
1207601
1551831
461018
778769
861732
575869
364607
1413496
986941
951028
781002
750392
794865
819714
610516
583657
269743
1372271
304489
819317
315039
466980
1523558
634148
1063003
633750
1366989
853193
592948
1448781
1450108
596601
479265
1144653
567285
1091406
848609
1541111
207055
276119
708721
919508
599200
676822
552121
1158608
708506
267160
1459286
921338
848457
924464
324317
1492520
956181
1057969
1551767
982235
1551793
1178653
559255
470678
412895
1441763
1432370
1442230
501157
500315
220449
568988
553499
906051
363528
1156602
749265
356303
658781
1197190
948775
795026
674174
652987
326441
961737
872149
753881
1177642
1265424
244779
789143
280555
1365221
687887
884892
1081169
1041565
355501
455645
638956
714788
404800
1087724
1163509
782125
496376
933507
686435
764802
591644
300209
565034
927090
735711
1542006
871842
357638
569405
1192277
613542
1413113
436457
332411
746407
1422176
712661
1175973
811140
342841
729341
710501
631447
1152940
1490811
642714
889839
685869
827466
1394490
1375051
583590
1434318
1353385
361098
1523260
1016747
927595
256337
709506
1523418
1541351
1299370
907259
906286
917715
257809
1357202
1530639
931517
1228966
1360516
267794
961427
1254586
931364
827943
538004
661160
723783
1180657
1337013
942554
1178360
928260
1458180
881575
764090
1015438
513640
533562
1539708
1496795
561460
568926
1211708
413312
451859
944622
439461
1484478
659120
467152
1269589
395223
402832
917283
1281884
528442
747122
892395
255530
272182
786170
1358555
625868
534169
1536475
780926
583201
769139
189454
1529419
654053
610567
302247
1379598
281503
746987
723163
862380
882637
1209276
1427634
712351
1016995
952604
1537312
691530
1418582
1285372
1161467
792209
555068
924571
725926
584929
652507
206683
646628
243952
756711
775878
910562
424226
786111
1175202
538252
611485
431691
307447
622748
631895
1429709
1093415
1442077
598203
643453
1143767
1321874
1542122
1340030
1549861
952397
808733
483909
817488
1029252
454330
1216404
280491
1279182
528154
1520267
1549934
1436502
643655
850534
267197
1445268
390436
829103
651279
1505309
553385
558270
411068
227128
1070584
1082407
1451603
698748
940027
992344
592571
412175
1442212
1396876
532571
1021627
830919
1467615
1283092
671317
869997
422298
1384097
1103712
1449059
759589
1186565
788692
211648
810399
685781
647741
994518
863738
306532
1432618
777745
676724
1400972
1519784
604829
579791
574291
1145264
591258
1519510
606545
441517
1541719
1369493
563312
712267
221385
1443736
1310183
895549
950942
575432
763886
1542715
1248739
586070
1176750
676866
1317054
572341
204630
1281740
424511
1249070
1523763
793612
527668
581251
663274
490980
975854
204158
492023
1539689
1417759
693458
660137
1541653
834243
1326059
939857
868011
1440173
602817
622329
959263
775336
555429
942518
643982
1179381
1431840
1523585
1487524
823133
207407
618774
258008
771396
562978
1082082
466421
777378
866832
545246
736855
606385
637869
1253853
470819
1421511
1095850
630324
616515
905298
1191471
1485395
729355
693385
406149
570714
862406
1538613
1300655
770476
645701
222204
1404480
682050
759258
680155
528481
431104
458609
873116
933761
808180
707396
1082695
789461
548042
974104
497713
1438493
763877
862776
575052
1263231
1229315
915545
209532
274496
1147752
1527947
510698
979018
642400
667013
798025
1407885
950077
1546819
1314649
884321
922101
530546
1320458
821449
606416
1529986
1542087
626326
1141777
691198
1384056
1526230
818696
1315118
808523
1509956
1295218
301544
1340299
744029
761791
885098
1278484
645924
680778
205604
678776
664171
794853
646650
599630
320163
1033571
956079
985126
648400
777865
708011
907778
731725
954944
678740
200733
754827
1551416
415826
795048
532955
1193343
1083388
697078
218750
1544571
969463
649386
934333
314842
1538997
914818
914145
730081
1542869
615659
976955
1530435
1039498
682845
595228
1497542
1392583
936155
1381835
866839
938997
550955
300362
1437890
869863
823961
785869
221235
985687
858440
1211334
1550166
1537364
1434998
723203
655321
781141
441395
1103084
984305
908418
1064128
1532256
755549
526933
1449767
1237329
387413
977772
1467271
836976
823837
579350
880489
798997
306129
652471
560599
914266
981551
1433633
687990
1398931
1302255
800862
1447526
595812
772221
619391
410376
837066
809589
792211
1520674
1399549
1541678
639525
697731
281484
775914
746183
1192474
863473
662981
813818
1167405
936287
756808
780834
199578
405532
661271
611158
1321897
1439041
479826
680213
578622
968577
1023073
388709
1550794
765304
535566
736213
815309
1488761
1435176
640881
1527491
1015509
1245980
942547
1189590
1067136
266668
357485
558269
750286
1008795
723475
780529
1454480
431515
734390
1374156
631674
788069
1502238
759591
1362396
495193
803881
1537827
735541
872512
714006
1085078
605263
1525670
279825
1506168
364231
1537233
643878
591783
914694
1334676
590434
477972
710647
578461
1283619
894725
415227
812621
569704
1541996
1488861
765172
1079516
791427
658788
818905
1408379
433625
460671
690223
922510
1456558
1276441
1541090
1550665
1354495
918702
1363903
738413
819227
583152
280298
475936
1012299
650503
1203752
1098658
1548746
1421112
284911
689226
999695
565415
890022
1007867
630810
1450324
1084618
459974
420032
459371
936063
591717
1521768
1550693
702217
922143
1035151
1051102
312094
550167
675051
1154001
812675
805872
1015405
210137
607855
981754
481870
507475
1472949
1190597
941417
634499
882901
1375894
504615
472905
817361
806997
1551559
1204726
413413
954084
949370
253297
708803
255947
669135
497269
1385419
259886
1076676
418121
1452174
1416606
567196
975100
779905
357985
775992
879180
746318
523776
1320303
255210
677109
1485732
687119
632841
1545754
1521542
1080835
820316
396521
1453578
1161044
367460
1530343
1435353
378835
612768
681040
625984
669319
808475
334749
893088
831249
652612
771629
295870
675354
896583
832163
1529799
1429279
936476
1084461
1547735
488089
1410423
1012415
880064
1520746
1411946
1438271
861603
1530911
1550409
881398
919294
1193366
497784
761340
1231725
559455
973779
676803
303509
334081
612155
601851
424987
935073
623485
352495
1529361
1334725
296064
959544
607699
1550690
1487587
789637
528797
897057
1411473
506344
938102
1445328
222691
693766
223296
449932
513775
1422582
331662
758788
222428
869086
635337
569786
1546593
1205605
952188
624850
910926
783350
892819
576323
926414
1322176
1407714
1204789
504505
1314413
1416095
723065
1492212
815172
860064
386397
536042
1368357
1503353
1367567
575167
232035
586054
262886
1427007
218027
772415
574675
632504
556483
1222821
977994
1523320
773020
734436
836808
963142
1025726
1152452
340707
1445787
650249
1037215
1228254
691421
696732
623645
1548488
218518
830796
455594
604062
1514315
534095
349815
488820
954801
1467014
1218576
1360419
631501
674347
285087
1434242
1551560
1541633
571358
1334543
541521
1219791
1441687
712985
405491
887008
472551
1146240
1435014
1055901
114399
851490
1551554
960173
735040
1523055
535296
969177
1519713
1516982
856166
1542161
1212692
1419557
1501090
621660
615632
271575
1166635
1498874
415995
661192
1414689
870416
664770
584008
555513
1035992
1450564
362093
1539125
1266229
1527155
503711
955500
965784
477267
1550655
258401
784537
545571
1373332
623083
1541362
855840
787947
624129
769655
414940
718399
1504094
1427580
1489385
1002225
871101
461388
765468
1358440
352852
478063
102123
1151891
668603
582075
253117
1401463
548825
713544
696507
139259
820191
757547
1551327
464561
629232
736222
817798
788614
645561
251178
1523868
921289
984138
1024316
1513729
848550
1380903
946390
1093887
1550802
928991
986615
813222
1071813
568066
629288
1165973
1544224
446344
561936
1306992
1001788
378446
815188
1063226
869340
902628
588505
700038
863049
984919
825265
871599
837089
1331431
220823
1446358
1300348
815089
1529810
881755
871448
1531232
785620
881680
644372
979070
1029093
1546418
1551520
640713
1009670
1550715
1525731
524214
1550494
922661
428203
1546747
1323485
480760
1192270
313592
1542053
1269659
789167
632082
1025848
381455
1204976
615653
1541385
560564
1368091
1548431
1540261
908509
1551489
1551468
372605
641007
1484095
790899
1551477
1547414
1549461
558272
1078141
1548846
1462348
860759
1415690
674394
751321
837122
1004483
728230
1382320
401541
1550490
1218243
666063
1243063
782779
661310
1459205
631610
1168300
689776
1546978
1551458
1420746
434506
1449202
1273959
1540047
281306
888569
1550735
1428318
645933
855036
667501
1496053
1545172
1543074
681948
1542809
488899
767783
1287751
779914
1217540
1526946
479014
1429631
423082
1551273
711379
469697
794048
753137
647926
674789
1491538
1548456
1282938
325969
1290144
1461457
620513
470439
1317921
424800
1485858
1012948
1550208
674862
821623
778232
1000836
541905
877006
1551266
675114
208849
1081247
1551414
737085
313776
734932
310793
1298200
800036
941157
1524639
677578
982622
488594
1548016
552702
1246225
1199450
788285
1549504
1548646
1496079
320539
1464836
1550101
1548818
524492
1466156
629520
759580
1550882
580278
1538857
1549404
258315
1261215
1205204
1549223
288189
1391178
1087459
1550415
854296
1404384
580961
552033
1064601
1548112
1493009
673099
952369
1546415
599475
401858
664006
1549107
1548558
462336
505025
564915
1381909
581636
1526329
777921
603356
961116
783366
1535528
688051
989298
608658
1446457
1327736
1536129
314756
372867
710230
1487490
803639
1423538
1421078
436904
697266
1348177
622719
1551330
709054
1546573
1153947
1318019
612045
911664
1523627
1546658
659025
862539
734618
546156
1550561
1351031
354323
868877
861847
598358
591971
1507197
586774
1064327
660933
308612
832549
1444484
1551309
657196
965168
618975
670032
710448
656295
810326
915272
1166224
1082627
200016
1542624
679652
1497535
930699
1547209
1449411
1379731
534655
857940
1424845
660693
1542118
599031
1537787
936195
726322
1426535
1546457
1425602
1542609
736637
1549207
1246759
694799
564206
1548839
582729
1537252
1551171
1550601
1541581
1549417
1546108
673210
1415861
1549143
1550390
1548353
1206065
1550641
607497
1549869
1412801
823958
991067
650915
916358
1493606
1535834
587896
1496268
1252667
1550354
835423
687311
509174
752780
203171
956724
1470854
1390241
1418233
1549446
676840
827186
1547459
657159
1206721
1550007
540550
1550869
444165
1550113
547215
1550632
391146
495798
1548738
1540310
1371829
899225
579459
1550733
1008780
1550543
1450832
930401
1550865
1547851
1549740
1550401
804429
1550718
1547971
1436385
933503
1369651
1550657
951656
583660
593360
198514
1444233
1548779
629798
1550901
337087
1404562
747275
394883
1003189
768975
1043647
1092727
1548936
814568
714254
1164297
702248
793748
1189251
924564
559605
646109
546295
1430260
1546337
667727
1549212
1405168
1546247
1172647
566086
1076447
1545566
636108
1506695
1548610
1540850
1545536
1526334
190438
718894
820789
615941
1546061
1192420
779528
1200522
810559
817219
1547893
675579
1082774
728201
1454985
1550856
990108
748532
1550874
1546131
200001
506496
578952
370987
981327
667538
1550575
1146353
1548622
978996
911377
1325153
1345714
600169
1547988
802630
1549145
1550825
606263
1550617
1175087
1204719
1548241
214765
1440420
1436161
1549060
1547378
1550844
1546751
1550887
1549128
1493666
1440179
866033
1338503
965539
1545250
1064870
1428169
1550838
1549391
1549932
1507778
1548094
1366895
659759
1546562
1354042
1550658
240183
1548944
1550807
599878
1228279
1547965
1327438
1550025
1538903
719790
1550652
1546176
888590
797102
1550871
691341
1550495
620104
1545572
645722
1546535
1505394
1550160
628608
753410
1549562
693639
1550640
1550578
1457969
1548961
1451949
457789
1169847
1550517
1546630
362374
1550411
1290768
1550801
1547147
1399101
1549227
1550280
1545742
1547584
818998
1550609
368053
1416744
1550823
500035
1550815
225523
795991
1550576
1549554
533001
1545637
649801
1516290
1540664
734379
1434576
1549831
1548486
1550619
1550486
1548050
1550461
1549842
955512
1545753
1549937
1550158
1545429
680082
627479
625268
1547821
258781
1002665
1418080
1549852
1550644
1396393
1549943
1546445
776552
1550586
1550392
827964
1550669
1550572
1549904
777021
1336168
644503
499644
1547828
681200
323159
290686
1527130
1550176
782570
1540775
1542283
483469
1550666
729278
1550786
1549238
643941
560475
1548915
1550181
712715
1550405
857145
475675
784522
616305
1322710
977929
1550946
933070
1542443
1329468
872775
1545278
1541371
871429
1204589
636436
901171
1536772
856759
274642
561095
1545479
1543465
476788
949999
368965
580565
546030
1019364
614881
1263045
747766
1455448
587820
1539049
763353
1298441
1432944
1442713
856633
643300
207734
1366934
228354
774904
1244974
667789
635845
336345
360545
124722
459533
602118
861216
460465
595411
562269
546332
939088
1440460
1545584
734495
1546096
1228504
1452277
1068821
929339
990598
1408000
547108
1395064
623487
715850
205469
479399
1549909
534918
1541959
1458189
1529951
911390
1545761
1537395
280881
309516
523107
1545766
597293
485564
812553
1546452
752924
1548764
1436079
872569
1345481
587013
1211194
286997
680299
1547964
1319963
424624
609608
641202
711695
1029380
860578
279642
1191070
1545333
587491
590947
1545981
1177301
1310712
1499098
788681
1547812
943277
470004
1350068
700973
1499182
1418099
1529307
386585
372184
749416
995923
239418
1252876
222324
674610
205595
586799
1415949
268215
437034
836183
1527265
283889
926535
721601
1546393
1542928
369861
270524
606414
1495375
1545362
1180808
1041684
130489
1203700
551407
239282
494048
415359
1547449
571343
1547103
1543753
900073
1372283
459351
294534
1432290
946998
657921
1241926
750284
1545179
916011
550516
1543060
1334466
1532103
1515161
649470
1547198
830420
1020844
729282
1546655
1248741
309709
1310569
1517322
636761
565025
1267686
782383
676457
1102445
1545641
116500
789606
1505340
695573
303102
679812
639395
525092
1540568
452838
1533219
507392
815933
538740
715294
942933
724486
814668
1365773
702385
691914
1546697
380714
1542854
1146576
858551
510800
817485
1391038
1546443
755869
514311
1146538
1325923
765945
265724
1541026
1542947
407397
1545582
914260
788943
950977
955975
601418
1435781
1146527
1146521
1325894
1325913
1334618
20722
959296
694636
1146513
584485
1509033
1146508
788321
698061
1239603
1305018
661164
1545590
1146503
1146495
1379983
631406
549619
848147
471525
1043751
790034
1088385
1545619
1011246
1087434
776204
1083775
1436323
1353467
735879
588270
955982
752401
1053745
1491418
1024554
734529
1057127
1432922
1004062
746840
1542919
1542740
482036
651471
348859
975334
610121
497967
1003529
770987
723243
1506690
763389
1390991
417710
660381
1401088
766540
1179300
1540677
1275690
876574
1390947
1398121
1043774
802888
850346
1451005
330744
1424851
832658
556964
345220
913096
1504490
256631
783884
323391
792446
582821
734512
618856
680032
281890
1143640
1014067
909058
408786
979906
929241
864327
643062
671469
1495140
949402
1177930
351987
466022
1261673
1275954
1537661
1331368
545896
352308
710517
870543
374730
628739
1435133
1148994
826235
521516
1542691
663706
558166
1542575
402124
1544779
1542519
793788
362655
290003
388043
574513
968013
1504073
504589
679179
1536824
625305
383500
975588
317510
1447560
652353
656426
1350735
826433
1505792
1523649
653321
596015
709578
1202084
560287
800386
1217060
647470
1537421
793994
1103276
1267272
347974
915410
1091178
858728
979769
1524344
702415
548323
864746
1542389
780756
795011
797405
815810
646460
656207
852206
1080792
1523139
636506
982201
808582
615775
1540708
936043
1542729
802475
815211
623722
978179
824266
475741
1397518
1251369
586961
631562
683787
804817
811049
1429785
771266
924669
663289
907577
664681
1427763
884390
757165
967341
204034
593028
669613
1064826
1506215
1542837
1026000
713367
736272
1041875
1487756
280329
951383
571590
752754
1543297
544755
560010
1272512
789171
1529210
664592
680087
311631
263204
835652
376775
589432
716865
759511
1074427
935717
1282550
574973
286854
774036
659978
278574
1219501
497118
1482457
796193
1176609
713272
1099586
556342
542025
690789
1499003
1543419
1416297
1540608
789853
1541416
904749
623816
932190
406843
529660
800561
969361
976994
596704
816446
370387
716734
982302
524241
1542146
877630
619965
943879
697035
947611
624440
922420
640116
985233
318572
988366
662537
243116
908411
940582
775523
957520
948675
685259
1097480
1105174
867279
1519975
676404
200044
860554
510187
794152
320378
1543315
655222
1217120
1504946
803598
1454224
538270
993161
1523405
651870
549985
912232
644122
434174
446913
1269430
1487958
1023952
543422
1504925
834451
1506161
1503505
646305
1441939
811270
901998
790834
1541462
850325
1537641
618626
1162954
532152
637881
642410
948685
1366117
1412005
1309960
792964
711891
596537
756815
714807
1068986
1044331
758922
1040959
482555
203759
872824
935495
920154
291384
617586
916550
411172
608272
451597
681239
802591
556725
1543051
1164216
1509729
1544312
473917
626259
568056
898046
908462
1544627
869504
999192
1166616
772755
578349
1536264
1534386
1523930
1380748
1033742
677862
590393
777549
1481845
463908
1322154
626098
757797
1542712
508384
1542290
855951
564415
1545160
674171
1029084
1523786
1544722
1536319
792238
650464
1048314
806871
649951
1544530
854834
727202
1286626
277114
828830
1158147
1537141
956714
412436
818778
1312727
890989
281657
815302
1057930
979185
764259
680678
691334
568006
1532189
1018897
619094
987349
1033546
259716
855401
1492996
667699
641111
1421379
351782
763602
1450948
816744
1178128
1453644
980491
702093
657574
370400
579872
425514
869111
783499
851753
1467558
759284
1492503
1544687
447358
786873
576017
604307
1509026
1156877
222452
1164690
1419726
1322325
553489
1401294
642612
1334635
1523485
852102
1511562
292380
338299
1543709
1238925
365126
971039
496993
1248998
1392287
1302301
548104
1276119
709335
675193
559657
565462
1538112
398571
1543560
549160
1399113
1172489
1527347
947896
665842
230578
872209
1524247
1287867
1453207
1282595
450391
549741
131584
1531421
668075
1101414
479578
649793
200460
212857
957152
1281003
1544513
1208738
357311
1253958
418328
1544539
363811
1544930
1448322
1523225
1544721
